   7940 122.105	
   6248 114.253	
   5856 122.105	80
   4326 114.253	65307
   3053 114.253	65312
   1849 137.202	
   1764 132.202	
   1711 115.203	
   1709 120.11	
   1617 120.202	
   1561 121.2	
   1532 136.202	
   1516 121.2	60308
   1383 125.2	
   1292 125.2	54018
   1264 124.202	
   1190 106.203	
   1139 121.202	
   1132 114.253	65342
   1113 115.203	443
   1110 137.202	63085
   1054 111.202	
   1038 120.20	
   1005 107.201	
    997 121.203	
    991 101.20	
    972 108.202	
    934 101.20	52244
    924 121.9	
    901 121.20	
    884 132.202	443
    874 113.202	
    841 133.202	
    835 135.253	
    806 118.203	
    805 108.20	
    796 128.203	
    776 131.201	
    772 136.202	63080
    765 108.20	55306
    756 120.20	6715
    735 102.202	
    716 136.202	443
    704 137.202	443
    695 132.202	63099
    685 135.202	
    672 124.202	63065
    670 135.201	
    661 145.202	
    640 106.203	443
